80 64 2
0.10052490234375 0.00726318359375 0.00069173177083333 0 0.066935221354167 0.025614420572917 0.00016276041666667 0 0.0128173828125 0.00927734375 0.0021565755208333 0.00026448567708333 0 0 0 0.00020345052083333 0.0054728190104167 0.00010172526041667 0 0 0.020222981770833 0.048360188802083 0.0040079752604167 0 0.0066324869791667 0.0433349609375 0.014933268229167 0.00034586588541667 0.00016276041666667 0.00018310546875 4.0690104166667E-5 0.00099690755208333 0.0012613932291667 0 0 0 0.013203938802083 0.011372884114583 6.103515625E-5 0 0.012715657552083 0.13702392578125 0.10176595052083 0.01318359375 0.00010172526041667 0.0044148763020833 0.0181884765625 0.012898763020833 0.0034993489583333 0.00014241536458333 0 0 0.0038655598958333 0.0013427734375 4.0690104166667E-5 0 0.010498046875 0.03729248046875 0.02740478515625 8.1380208333333E-5 0.0068766276041667 0.00592041015625 0.054890950520833 0.1512451171875
0 1
0.26670328776042 0.015889485677083 0 0 0.04681396484375 0.018941243489583 0.00010172526041667 0 0 0 0 0 0 0 0 0 0.016194661458333 0.00046793619791667 0 0 0.064168294270833 0.084920247395833 0.0043741861979167 0 2.0345052083333E-5 0.018819173177083 0.0177001953125 0 0 0 0 0 0.01092529296875 0.00022379557291667 0 0 0.0540771484375 0.084248860677083 0.0028076171875 0 6.103515625E-5 0.058247884114583 0.17403157552083 0.00714111328125 0 0 0.000732421875 0.010904947916667 0 0 0 0 0 0.00010172526041667 2.0345052083333E-5 0 0 0.0001220703125 0.01263427734375 0.00213623046875 0 0 0.00384521484375 0.022623697916667
0 1
0.095377604166667 0 0 0 0.0087890625 0 0 0 2.0345052083333E-5 0 0 0 0 0 0 0 0.0277099609375 4.0690104166667E-5 0 0 0.030965169270833 0.0062459309895833 2.0345052083333E-5 0 0.019246419270833 0.00042724609375 0 0 0 0 0 0 0.034403483072917 0 0 0 0.19742838541667 0.01336669921875 0.00030517578125 0 0.08428955078125 0.040140787760417 0.016133626302083 0 0.00010172526041667 0.00071207682291667 0.00044759114583333 0 0.00885009765625 0 0 0 0.0070393880208333 0.00048828125 0 0 0.045247395833333 0.03692626953125 0.059041341145833 0.00016276041666667 0.001953125 0.0075480143229167 0.06488037109375 0.19169108072917
0 1
0.0022176106770833 2.0345052083333E-5 0 0 0.0022989908854167 0 0 0 0 0 0 0 0 0 0 0 0.0013631184895833 0 0 0 0.15981038411458 0.075724283854167 0.00028483072916667 0 0.0060017903645833 0.010498046875 0 0 0 0 0 0 0 0 0 0 0.10884602864583 0.0819091796875 0 0 0.070210774739583 0.2669677734375 0.096028645833333 0.00052897135416667 0 2.0345052083333E-5 0.000732421875 0 0 0 0 0 0 0 0 0 0.031331380208333 0.0037841796875 0.010538736979167 0.00040690104166667 0 0.000244140625 0.038350423177083 0.031880696614583
0 1
0.34352620442708 0.00152587890625 0 0 0 0.00016276041666667 0 0 0 0 0 0 0 0 0 0 0.099080403645833 0.0030314127604167 0 0 0.03350830078125 0.11533610026042 0.00274658203125 0 4.0690104166667E-5 2.0345052083333E-5 0.00056966145833333 0 0 0 0 0 8.1380208333333E-5 2.0345052083333E-5 0 0 0.00592041015625 0.041178385416667 0.0031534830729167 0 0.0009765625 0.062398274739583 0.086710611979167 0.003173828125 0 0 0.00032552083333333 0.000732421875 0 0 0 0 0.0017903645833333 0.000732421875 0 0 0.0017903645833333 0.005615234375 0.038431803385417 0.0018513997395833 0 0 0.01519775390625 0.13037109375
0 1
0.34470621744792 0.00026448567708333 0 0 0.025919596354167 0.00020345052083333 0 0 0 0 0 0 0 0 0 0 0.038289388020833 2.0345052083333E-5 0 0 0.10709635416667 0.035786946614583 0.00099690755208333 0 0.0063273111979167 0.00034586588541667 0 0 0 0 0 0 0 0 0 0 0.011820475260417 0.013407389322917 4.0690104166667E-5 0 0.01190185546875 0.15130615234375 0.020263671875 0 0 2.0345052083333E-5 0 0 0 0 0 0 0 0 0 0 0 0.0098876953125 0.11273193359375 0 0 8.1380208333333E-5 0.090494791666667 0.018086751302083
0 1
0.1739501953125 0.021464029947917 0 0 0.00059000651041667 0.0054117838541667 0.0048624674479167 0 0 0 0 0 0 0 0 0 0.0098063151041667 0.0033772786458333 0 0 0.0604248046875 0.05621337890625 0.0062459309895833 8.1380208333333E-5 0 0.0001220703125 0.0019124348958333 0.00022379557291667 0 0 0 0 0 0 0 0 0.043599446614583 0.052327473958333 0.0012003580729167 0 0.0018717447916667 0.089396158854167 0.091410319010417 0.0067342122395833 0 0.00016276041666667 0.00018310546875 0.0012613932291667 0 0 0 0 0 0 0 0 0.00010172526041667 0.017313639322917 0.10666910807292 0.0030517578125 0 0.0012410481770833 0.080220540364583 0.1585693359375
0 1
0.11517333984375 6.103515625E-5 0 0 0.0021769205729167 0.00030517578125 0 0 0 0 0 0 0 0 0 0 0.19085693359375 0.0001220703125 0 0 0.043070475260417 0.013427734375 0.00128173828125 0 0 4.0690104166667E-5 0.00018310546875 0 0 0 0 0 0.0032755533854167 0 0 0 0.13559977213542 0.036824544270833 0.00081380208333333 0 0.008056640625 0.0399169921875 0.055623372395833 0.00244140625 0 0 0 8.1380208333333E-5 0 0 0 0 0.0045369466145833 0.00028483072916667 0 0 0.01611328125 0.090311686197917 0.12611897786458 0.00050862630208333 0 0 0.04815673828125 0.06463623046875
0 1
0.14068603515625 0.00034586588541667 0 0 0.0003662109375 0.0012410481770833 0 0 0 0 0 0 0 0 0 0 0.07952880859375 0.0001220703125 0 0 0.00762939453125 0.012939453125 0.00059000651041667 0 0 0.00016276041666667 0.00018310546875 0 0 0 0 0 0.0057576497395833 0 0 0 0.085978190104167 0.036519368489583 0.00034586588541667 0 0.0347900390625 0.10933430989583 0.020731608072917 0.00077311197916667 0 0 4.0690104166667E-5 0.00016276041666667 2.0345052083333E-5 0 0 0 0.0086466471354167 0.0038045247395833 4.0690104166667E-5 0 0.027119954427083 0.16593424479167 0.10996500651042 0.00146484375 8.1380208333333E-5 0.0015665690104167 0.023783365885417 0.11934407552083
0 1
0.1259765625 0 0 0 0 0 0 0 0 0 0 0 0 0 0 0 0.1505126953125 0 0 0 0.12628173828125 0.0050048828125 0 0 0 0 0 0 0 0 0 0 0.0012613932291667 0 0 0 0.1170654296875 0.089823404947917 0 0 0.0066324869791667 0.089375813802083 0 0 0 0 0 0 0 0 0 0 0.0062662760416667 0.014383951822917 0 0 0.0067545572916667 0.22271728515625 0.033772786458333 0 0 0 0.003662109375 0.00050862630208333
0 1
0.18367513020833 2.0345052083333E-5 0 0 0.00274658203125 2.0345052083333E-5 0 0 0 0 0 0 0 0 0 0 0.056498209635417 2.0345052083333E-5 0 0 0.039225260416667 0.0075276692708333 2.0345052083333E-5 0 0.00048828125 0.0011189778645833 2.0345052083333E-5 0 0 0 0 0 0.0670166015625 0.00030517578125 0 0 0.13043212890625 0.049336751302083 4.0690104166667E-5 0 0.0059407552083333 0.081563313802083 0.019551595052083 2.0345052083333E-5 0 4.0690104166667E-5 0 0 0.01513671875 0 0 0 0.0977783203125 0.00177001953125 8.1380208333333E-5 0 0.022298177083333 0.079549153645833 0.063028971354167 0.00052897135416667 0.00059000651041667 0.01202392578125 0.022298177083333 0.039286295572917
0 1
0.19305419921875 0 0 0 0.0039876302083333 0 0 0 0 0 0 0 0 0 0 0 0.298095703125 0 0 0 0.058858235677083 0.0045166015625 0 0 2.0345052083333E-5 0 0 0 0 0 0 0 0.00518798828125 0 0 0 0.073099772135417 0.018330891927083 0 0 0.0086669921875 0.18471272786458 0.031107584635417 0 0 0 0 0 0 0 0 0 0 0 0 0 0 0.038818359375 0.056437174479167 0 0 0.00010172526041667 0.024434407552083 0.00056966145833333
0 1
0.18882242838542 0 0 0 0.00032552083333333 0 0 0 0 0 0 0 0 0 0 0 0.03057861328125 2.0345052083333E-5 0 0 0.088643391927083 0.0055135091145833 0 0 0 0.00048828125 0 0 0 0 0 0 0.0033365885416667 0 0 0 0.13865152994792 0.12790934244792 0 0 0 0.25809733072917 0.031229654947917 0 0 0 0.00075276692708333 0 0 0 0 0 0 0 0 0 0 0.020731608072917 0.043212890625 0 0 0 0.035054524739583 0.026631673177083
0 1
0.20926920572917 0 0 0 0.0045166015625 0.00048828125 0 0 0 0 0 0 0 0 0 0 0.04931640625 2.0345052083333E-5 0 0 0.12766520182292 0.053995768229167 0.0011393229166667 0 0.00040690104166667 0.0013631184895833 0.00128173828125 0 0 0 0 0 0.00087483723958333 0 0 0 0.042867024739583 0.06939697265625 0.0019327799479167 0 0.00099690755208333 0.077840169270833 0.18170166015625 0.025187174479167 0 0 0.0020345052083333 0.031473795572917 0 0 0 0 0.00014241536458333 0 6.103515625E-5 0 6.103515625E-5 0.0042521158854167 0.023356119791667 0.0025227864583333 0 0 0.017679850260417 0.068155924479167
0 1
0.41556803385417 0.0060017903645833 0 0 0 0.00032552083333333 0 0 0 0 0 0 0 0 0 0 0.148681640625 0.0080769856770833 0 0 0.014933268229167 0.0396728515625 0.0020548502604167 0 0.00010172526041667 0.00010172526041667 0.00046793619791667 0 0 0 0 0 0.0016682942708333 8.1380208333333E-5 0 0 0.01055908203125 0.047648111979167 0.0016886393229167 0 0.00018310546875 0.040262858072917 0.080179850260417 0.0055135091145833 0 0 2.0345052083333E-5 0.00372314453125 0 0 0 0 0.0026041666666667 8.1380208333333E-5 0 0 0.0019124348958333 0.00616455078125 0.047281901041667 0.00067138671875 0 0 0.019124348958333 0.094645182291667
0 1
0.24664306640625 0 0 0 0 0 0 0 0 0 0 0 0 0 0 0 0.0992431640625 0 0 0 0.10457356770833 0.038655598958333 0 0 0 0 0 0 0 0 0 0 0.029622395833333 0 0 0 0.03204345703125 0.1651611328125 0 0 0 0.17124430338542 0.064371744791667 0 0 0 0 0 0 0 0 0 0 2.0345052083333E-5 0 0 0 0.00071207682291667 0.042622884114583 0 0 0 0.0016886393229167 0.0033976236979167
0 1
0.0015055338541667 0 0 0 0 2.0345052083333E-5 0 0 0 0 0 0 0 0 0 0 0.0031941731770833 0.00030517578125 0 0 0.0042521158854167 0.028645833333333 0.0042317708333333 0 0 0.0001220703125 0.0011393229166667 0 0 0 0 0 0.00059000651041667 2.0345052083333E-5 0 0 0.0082194010416667 0.076883951822917 0.0058390299479167 0 0.00093587239583333 0.2454833984375 0.31943766276042 0.00040690104166667 0 0 0 0 0 0 0 0 2.0345052083333E-5 0.00054931640625 0 0 0.0031941731770833 0.0177001953125 0.14912923177083 0.00077311197916667 0 0 0.022969563802083 0.10443115234375
0 1
0.041727701822917 0 0 0 0.00099690755208333 0 0 0 0 0 0 0 0 0 0 0 0.074544270833333 0 0 0 0.1048583984375 0.0072428385416667 0 0 6.103515625E-5 0 0 0 0 0 0 0 0.0041707356770833 0 0 0 0.22456868489583 0.013163248697917 2.0345052083333E-5 0 0.066609700520833 0.091837565104167 0.0057169596354167 4.0690104166667E-5 0 0 0 0 0 0 0 0 4.0690104166667E-5 6.103515625E-5 0 0 0.082499186197917 0.13260904947917 0.12125651041667 2.0345052083333E-5 0 0 0.0145263671875 0.013427734375
0 1
0.29388427734375 0.0052490234375 0 0 0.0006103515625 0.0045166015625 2.0345052083333E-5 0 0 0 0 0 0 0 0 0 0.062093098958333 0.0001220703125 0 0 0.08648681640625 0.0523681640625 0.0016072591145833 0 0.0030314127604167 0.03936767578125 0.0072224934895833 2.0345052083333E-5 0 0 0 0 0 0 0 0 0.016682942708333 0.00775146484375 6.103515625E-5 0 0.0099894205729167 0.08050537109375 0.08966064453125 0.0036824544270833 0 0.0039265950520833 0.079264322916667 0.02947998046875 0 0 0 0 0 0 0 0 0.025044759114583 0.0051472981770833 0.00022379557291667 0 4.0690104166667E-5 0.00089518229166667 0.01983642578125 0.071207682291667
0 1
0.030782063802083 0 0 0 0.0011800130208333 0 0 0 0 0 0 0 0 0 0 0 0.0416259765625 0 0 0 0.140380859375 0.01141357421875 0.00032552083333333 0 0 0.00244140625 0.0052490234375 0.00384521484375 0 0 0 0.00022379557291667 0.0091756184895833 0 0 0 0.36539713541667 0.017537434895833 0 0 0.067138671875 0.14345296223958 0.0093180338541667 0.0024210611979167 0 2.0345052083333E-5 0.00056966145833333 0.005859375 0 0 0 0 0.0006103515625 0.0006103515625 0 0 0.0030517578125 0.05926513671875 0.0150146484375 0 0.00014241536458333 0.01025390625 0.034403483072917 0.018290201822917
0 1
0.17488606770833 2.0345052083333E-5 0 0 0.011128743489583 2.0345052083333E-5 0 0 0 0 0 0 0 0 0 0 0.030537923177083 0 0 0 0.075459798177083 0.055643717447917 0.0001220703125 0 0.0013020833333333 0.00077311197916667 8.1380208333333E-5 0 0 0 0 0 0 0 0 0 0.09796142578125 0.073404947916667 2.0345052083333E-5 0 0.014567057291667 0.11704508463542 0.085103352864583 0 0 0 4.0690104166667E-5 0 0 0 0 0 0.0001220703125 2.0345052083333E-5 0 0 0.0024820963541667 0.056844075520833 0.042439778645833 0 0 0.00065104166666667 0.075968424479167 0.083353678385417
0 1
0.23781331380208 2.0345052083333E-5 0 0 0.00604248046875 8.1380208333333E-5 0 0 0 0 0 0 0 0 0 0 0.065511067708333 8.1380208333333E-5 0 0 0.14154052734375 0.04449462890625 6.103515625E-5 0 0.0023193359375 0.00075276692708333 0.000244140625 0 0 0 0 0 0.0016072591145833 0 0 0 0.12638346354167 0.025919596354167 0.00048828125 0 0.0426025390625 0.07598876953125 0.0457763671875 4.0690104166667E-5 0 6.103515625E-5 0.0014444986979167 0 0 0 0 0 0.00091552734375 0 0 0 0.01275634765625 0.0172119140625 0.015177408854167 0.00056966145833333 0.0011189778645833 0.0064900716145833 0.027262369791667 0.099222819010417
0 1
0.028666178385417 6.103515625E-5 0 0 0 0.0001220703125 0 0 0 0 0 0 0 0 0 0 0.022562662760417 0.00026448567708333 0 0 0.023234049479167 0.037373860677083 0.00054931640625 0 0 0 0.00014241536458333 0 0 0 0 0 6.103515625E-5 0 0 0 0.02349853515625 0.088623046875 0.00075276692708333 0 0.00286865234375 0.088134765625 0.097696940104167 0.0003662109375 0 0 2.0345052083333E-5 4.0690104166667E-5 0 0 0 0 0 0.0018107096354167 0.000244140625 0 0.0011189778645833 0.059122721354167 0.18017578125 0.0045369466145833 0 0.0010172526041667 0.07769775390625 0.25923665364583
0 1
0.033833821614583 2.0345052083333E-5 0 0 0.0023396809895833 0 0 0 0 0 0 0 0 0 0 0 0.0091959635416667 4.0690104166667E-5 0 0 0.04437255859375 0.02294921875 4.0690104166667E-5 0 0.0079142252604167 0.001953125 6.103515625E-5 0 0 0 0 0 0.0074462890625 0 0 0 0.041585286458333 0.027079264322917 0.00014241536458333 0 0.011088053385417 0.067464192708333 0.1077880859375 6.103515625E-5 0 4.0690104166667E-5 0.0001220703125 0 0.00579833984375 0 0 0 0.0059407552083333 0.013834635416667 2.0345052083333E-5 0 0.0013427734375 0.03009033203125 0.12599690755208 0.0013020833333333 0 0.00018310546875 0.11871337890625 0.31123860677083
0 1
0.00020345052083333 0 0 0 0.00034586588541667 0 0 0 0 0 0 0 0 0 0 0 0.0003662109375 0 0 0 0.029276529947917 8.1380208333333E-5 0 0 0.0032958984375 0.00079345703125 0 0 0 0 0 0 0 0 0 0 0.030171712239583 0.00020345052083333 0 0 0.09515380859375 0.19807942708333 0.057637532552083 0 0 0.00286865234375 0.00372314453125 0 0 0 0 0 0 0 0 0 0.0034383138020833 0.087443033854167 0.04425048828125 0 2.0345052083333E-5 0.030537923177083 0.4002685546875 0.0118408203125
0 1
0.40336100260417 2.0345052083333E-5 0 0 0 0 0 0 0 0 0 0 0 0 0 0 0.025634765625 0.00010172526041667 0 0 0.016398111979167 0.088643391927083 0 0 0 0 0 0 0 0 0 0 0 0 0 0 0.0038655598958333 0.036722819010417 8.1380208333333E-5 0 0.00030517578125 0.059529622395833 0.058553059895833 2.0345052083333E-5 0 0 0 0 0 0 0 0 0 0 0 0 0 0.0374755859375 0.1219482421875 4.0690104166667E-5 0 0.0067952473958333 0.087178548177083 0.053324381510417
0 1
0.019775390625 0.0062255859375 0 0 0.0018310546875 2.0345052083333E-5 0 0 0 0 0 0 0 0 0 0 0.05322265625 0.00028483072916667 0 0 0.082600911458333 0.0088907877604167 0.00087483723958333 0 0.0034383138020833 0.0003662109375 4.0690104166667E-5 0 0 0 0 0 0.012064615885417 0 0 0 0.1226806640625 0.0322265625 0.0008544921875 0 0.031819661458333 0.14388020833333 0.068440755208333 0.0043538411458333 0 0.0001220703125 4.0690104166667E-5 6.103515625E-5 0 0 0 0 0.0001220703125 0.00028483072916667 0 0 0.0016682942708333 0.075480143229167 0.0858154296875 0.0041707356770833 0 0.0031941731770833 0.13885498046875 0.096293131510417
0 1
0.37062581380208 0.0010986328125 0 0 0.03778076171875 0.00022379557291667 0 0 0 0 0 0 0 0 0 0 0.099568684895833 0.0011393229166667 0 0 0.073160807291667 0.062052408854167 0.00065104166666667 0 0.00020345052083333 0.00897216796875 0.00115966796875 0 0 0 0 0 0 0 0 0 0.00077311197916667 0.010884602864583 0.00056966145833333 0 2.0345052083333E-5 0.051127115885417 0.10788981119792 0.048583984375 0 0.0001220703125 0.000732421875 0.0099283854166667 0 0 0 0 0 0 0 0 0 0 0.027750651041667 0.0046183268229167 0 0 0.0051066080729167 0.07525634765625
0 1
0.41339111328125 0.010416666666667 0 0 0.021484375 0.00335693359375 0 0 2.0345052083333E-5 0 0 0 0 0 0 0 0.051595052083333 0.00020345052083333 0 0 0.048014322916667 0.018330891927083 0.00665283203125 0 0.00372314453125 0.0030110677083333 0.00390625 0.00059000651041667 0 0 0 0 0.00069173177083333 0 0 0 0.068196614583333 0.08905029296875 0.0001220703125 0 0.0014444986979167 0.080362955729167 0.011128743489583 0.0053507486979167 0 0.00128173828125 0.0010986328125 0.0013427734375 0 0 0 0 0.0010986328125 0.00146484375 0 0 0 0.02874755859375 0.047139485677083 4.0690104166667E-5 0 0.0017293294270833 0.0380859375 0.03692626953125
0 1
0.51853434244792 0.00089518229166667 0 0 0 2.0345052083333E-5 0 0 0 0 0 0 0 0 0 0 0.12327067057292 0.0074462890625 0 0 0.018819173177083 0.095316569010417 0.00335693359375 0 0.00018310546875 6.103515625E-5 0.00069173177083333 0 0 0 0 0 0 0 0 0 0.0012410481770833 0.014139811197917 0.00032552083333333 0 0.00093587239583333 0.039408365885417 0.0697021484375 0.0093180338541667 0 0 0.00018310546875 0.0069986979166667 0 0 0 0 0.0015869140625 8.1380208333333E-5 0 0 0.002197265625 0.00494384765625 0.017333984375 0.0010986328125 0 0 0.0074055989583333 0.05450439453125
0 1
0.0968017578125 0.0025634765625 0 0 0.021809895833333 0.0059000651041667 0 0 0 0 0 0 0 0 0 0 0.052327473958333 0 0 0 0.11063639322917 0.14719645182292 0.0024007161458333 0 0 0.0032145182291667 0.0035196940104167 0 0 0 0 0 0 0 0 0 0.029947916666667 0.068766276041667 2.0345052083333E-5 0 0.00038655598958333 0.19514973958333 0.17366536458333 0 0 0 0.00020345052083333 4.0690104166667E-5 0 0 0 0 0 4.0690104166667E-5 0 0 4.0690104166667E-5 0.024068196614583 0.050048828125 0 0 0 0.0073445638020833 0.00390625
0 1
0.14455159505208 0.0039265950520833 0 0 0.00396728515625 0.0052897135416667 0.00010172526041667 0 0 2.0345052083333E-5 0 0 0 0 0 0 0.012776692708333 0.0029703776041667 0 0 0.0870361328125 0.048319498697917 0.0010579427083333 0 0 0.00022379557291667 0.0027262369791667 0.00016276041666667 0 0 0 0 0 8.1380208333333E-5 0 0 0.053365071614583 0.042256673177083 0.0011393229166667 0 0.0040690104166667 0.16265869140625 0.032267252604167 0.00054931640625 0 0 2.0345052083333E-5 0.00026448567708333 0 0 0 0 0 2.0345052083333E-5 0 0 0.00014241536458333 0.076944986979167 0.056844075520833 0.0010172526041667 0 0.0037434895833333 0.14243570963542 0.10904947916667
0 1
0.42279052734375 0.019978841145833 0.000244140625 0 0.0076700846354167 0.0047200520833333 0.0201416015625 0 0.00016276041666667 0 0 0 0 0 0 0 0.09136962890625 0.0030314127604167 0 0 0.030517578125 0.043680826822917 0.015848795572917 0 0.0024617513020833 0.0094401041666667 0.02471923828125 0.0053507486979167 0 0 0 0 0.00152587890625 0 0 0 0.042338053385417 0.0075276692708333 0.0018310546875 0 0.0054117838541667 0.019938151041667 0.045796712239583 0.016581217447917 0 2.0345052083333E-5 0.0015665690104167 0.00250244140625 0 0 0 0 0.0021769205729167 2.0345052083333E-5 0 0 0.013753255208333 0.038309733072917 0.0125732421875 4.0690104166667E-5 0.00018310546875 0.0051676432291667 0.037211100260417 0.04339599609375
0 1
0.14186604817708 0.000244140625 0 0 0.013102213541667 0.00018310546875 0 0 0 0 0 0 0 0 0 0 0.02545166015625 0.000244140625 0 0 0.053934733072917 0.017476399739583 0.00044759114583333 0 0.00982666015625 0.00341796875 8.1380208333333E-5 0 0 0 0 0 0.015848795572917 0.00040690104166667 0 0 0.028706868489583 0.11456298828125 6.103515625E-5 0 0.019490559895833 0.19289143880208 0.10795084635417 0.000732421875 0 0.00034586588541667 0.0026652018229167 0.00347900390625 0.00396728515625 2.0345052083333E-5 0 0 0.00014241536458333 0.00026448567708333 0 0 0.00010172526041667 0.010233561197917 0.026529947916667 0.00018310546875 0 0.00128173828125 0.045756022135417 0.15810139973958
0 1
0.4664306640625 0.0049031575520833 4.0690104166667E-5 0 0.0039876302083333 0.000732421875 0.00052897135416667 0 0 0 0 0 0 0 0 0 0.0247802734375 0.00038655598958333 0 0 0.01953125 0.0301513671875 0.0051472981770833 0.00020345052083333 2.0345052083333E-5 0.00030517578125 0.000732421875 0.000244140625 0 0 0 0 0 0 0 0 0.0084228515625 0.032063802083333 0.00091552734375 0 0.0030517578125 0.18328857421875 0.20212809244792 0.004150390625 0 0 0 0.0013631184895833 0 0 0 0 0 0 0 0 0 0 0.0012003580729167 0.00014241536458333 0 0 0.000244140625 0.0049031575520833
0 1
0.13545735677083 0 0 0 0.0003662109375 0 0 0 0 0 0 0 0 0 0 0 0.0071207682291667 2.0345052083333E-5 0 0 0.024943033854167 0.01715087890625 0 0 8.1380208333333E-5 2.0345052083333E-5 0 0 0 0 0 0 0.00081380208333333 0 0 0 0.046366373697917 0.095540364583333 0 0 0.00014241536458333 0.103515625 0.0097859700520833 0 0 0 0 0 0 0 0 0 0.00030517578125 0.00164794921875 0 0 4.0690104166667E-5 0.20680745442708 0.21417236328125 0 0 0.00028483072916667 0.091837565104167 0.0435791015625
0 1
0.12398274739583 2.0345052083333E-5 0 0 0.00020345052083333 0 0 0 0 0 0 0 0 0 0 0 0.0467529296875 0 0 0 0.17594401041667 0.096232096354167 0 0 0.005126953125 0.00201416015625 0 0 0 0 0 0 0 0 0 0 0.0660400390625 0.16746012369792 0 0 0.000244140625 0.20949300130208 0.08514404296875 0 0 0 0.00038655598958333 0 0 0 0 0 0 0.00063069661458333 0 0 0 8.1380208333333E-5 0.0071614583333333 0 0 0 0.0075276692708333 0.00555419921875
0 1
0.21531168619792 0.0034586588541667 0 0 0.00071207682291667 0.000732421875 0 0 0 0 0 0 0 0 0 0 0.11016845703125 0.0016276041666667 0 0 0.085530598958333 0.042521158854167 0.022745768229167 0.00020345052083333 0.0069173177083333 0.00050862630208333 0.00775146484375 0.010518391927083 0 0 0 0 0.0067138671875 0 0 0 0.093282063802083 0.042948404947917 0.00016276041666667 0 0.02606201171875 0.049763997395833 0.025288899739583 0.039225260416667 0.00042724609375 0.0069173177083333 0.00152587890625 0.0016886393229167 0 0 0 0 0.0075276692708333 0.0022989908854167 0 0 0.012776692708333 0.070902506510417 0.0069376627604167 0.00034586588541667 0.0010172526041667 0.0145263671875 0.0347900390625 0.046162923177083
0 1
0.3599853515625 0 0 0 0.00872802734375 8.1380208333333E-5 0 0 0 0 0 0 0 0 0 0 0.02862548828125 4.0690104166667E-5 0 0 0.10369873046875 0.030741373697917 0 0 0.0021565755208333 0.0021769205729167 0 0 0 0 0 0 0 0 0 0 0.00714111328125 0.073099772135417 0 0 0.00016276041666667 0.12406412760417 0.020263671875 0 0 0 2.0345052083333E-5 0 0 0 0 0 0 0.0035196940104167 0.011454264322917 0 0 0.023152669270833 0.044514973958333 0.00010172526041667 0 0.0033772786458333 0.057271321614583 0.095621744791667
0 1
0.20798746744792 0.038859049479167 0.0039265950520833 0 0.046000162760417 0.02081298828125 0.0054931640625 0.0019938151041667 6.103515625E-5 0.0001220703125 2.0345052083333E-5 0.00093587239583333 0 0 0 8.1380208333333E-5 0.017862955729167 0.0028279622395833 0 0 0.02764892578125 0.23240152994792 0.021341959635417 0.000244140625 0.00071207682291667 0.0341796875 0.026875813802083 0.0039876302083333 0 0 0 0.00038655598958333 0 0 0 0 0.0024007161458333 0.0369873046875 0.0019938151041667 0 0.00014241536458333 0.097432454427083 0.091695149739583 0.015096028645833 0 2.0345052083333E-5 0.00140380859375 0.0051472981770833 0 0 0 0 0 4.0690104166667E-5 0 0 0 2.0345052083333E-5 0.00046793619791667 4.0690104166667E-5 0 0 0.0013834635416667 0.05096435546875
0 1
0.0235595703125 0 0 0 0.0016682942708333 0 0 0 0 0 0 0 0 0 0 0 0.16689046223958 0 0 0 0.056193033854167 0.0046183268229167 0 0 0.0045369466145833 0.00028483072916667 0 0 0 0 0 0 0.01177978515625 0.0003662109375 0 0 0.07427978515625 0.043314615885417 6.103515625E-5 0 0.0088297526041667 0.055196126302083 0.12363688151042 0.0001220703125 8.1380208333333E-5 0.0033365885416667 0.0041910807291667 0.00087483723958333 0.063985188802083 0.0010172526041667 0 0 0.034261067708333 0.05633544921875 2.0345052083333E-5 0 4.0690104166667E-5 0.0142822265625 0.0379638671875 0.00010172526041667 0 0.010009765625 0.059855143229167 0.1383056640625
1 0
0.18011474609375 0 0 0 2.0345052083333E-5 0 0 0 0 0 0 0 0 0 0 0 0.15922037760417 2.0345052083333E-5 0 0 0.10284423828125 0.00811767578125 2.0345052083333E-5 0 0.00028483072916667 4.0690104166667E-5 0 0 0 0 0 0 0.0055948893229167 0 0 0 0.13285319010417 0.10707600911458 0 0 0.0066731770833333 0.22285970052083 0.072062174479167 0 0 0 0 2.0345052083333E-5 0 0 0 0 0 0 0 0 0 0 0.0011189778645833 2.0345052083333E-5 0 0 0.00056966145833333 0.00046793619791667
1 0
0.15785725911458 0.00087483723958333 0 0 0.0021158854166667 4.0690104166667E-5 0 0 0 0 0 0 0 0 0 0 0.261962890625 0.0022379557291667 0 0 0.091349283854167 0.10335286458333 0.0074462890625 0 0.00089518229166667 0.016357421875 0.00750732421875 0 0 0 0 0 0.0023396809895833 0 0 0 0.036600748697917 0.026163736979167 0.0025227864583333 0 0.0048014322916667 0.073201497395833 0.1395263671875 0.039794921875 0 6.103515625E-5 0.0027058919270833 0.01495361328125 0 0 0 0 0.00022379557291667 0 0 0 8.1380208333333E-5 0.00050862630208333 0.00052897135416667 4.0690104166667E-5 0 0 0.00052897135416667 0.00341796875
1 0
0.14105224609375 0.00099690755208333 0 0 6.103515625E-5 0.00067138671875 0.00026448567708333 0 0 0 0 0 0 0 0 0 0.22226969401042 0.00063069661458333 0 0 0.06256103515625 0.037943522135417 0.001708984375 0 0 4.0690104166667E-5 0.00032552083333333 8.1380208333333E-5 0 0 0 2.0345052083333E-5 0.0049031575520833 2.0345052083333E-5 0 0 0.16229248046875 0.077473958333333 0.0017293294270833 0 0.0003662109375 0.055989583333333 0.04095458984375 0.0026448567708333 0 0 0.00032552083333333 0.0040690104166667 0 0 0 0 0.00016276041666667 0.0001220703125 0 0 0.00034586588541667 0.0093994140625 0.020100911458333 0.00020345052083333 0 2.0345052083333E-5 0.030863444010417 0.119384765625
1 0
0.026407877604167 0 0 0 0.0012613932291667 2.0345052083333E-5 0 0 0 0 0 0 0 0 0 0 0.046122233072917 0.00075276692708333 0 0 0.142822265625 0.015177408854167 8.1380208333333E-5 0 0.00341796875 0.0027262369791667 8.1380208333333E-5 0 0 0 0 0 0.13045247395833 0.00323486328125 0 0 0.15277099609375 0.04425048828125 0.00042724609375 0 0.066385904947917 0.10463460286458 0.046244303385417 0.0051066080729167 2.0345052083333E-5 0.00063069661458333 0.00087483723958333 0.0029500325520833 0.04180908203125 0.0031331380208333 0 0 0.00010172526041667 0.010355631510417 0.0025634765625 0.0009765625 0.0069376627604167 0.00531005859375 0.010457356770833 0.0057576497395833 0.00408935546875 0.0069986979166667 0.0089518229166667 0.095703125
1 0
0.053609212239583 0.00099690755208333 0 0 4.0690104166667E-5 0.00040690104166667 0 0 0 0 0 0 0 0 0 0 0.02227783203125 6.103515625E-5 0 0 0.12646484375 0.14615885416667 0.00044759114583333 0 0 0.00034586588541667 0.00089518229166667 0 0 0 0 0 0 0 0 0 0.008056640625 0.09503173828125 0 0 8.1380208333333E-5 0.15360514322917 0.14105224609375 0.0041097005208333 0 0 0.0066324869791667 0.014892578125 0 0 0 0 0 0 0 0 0 0.0086263020833333 0.02154541015625 0 0 0.00016276041666667 0.045613606770833 0.14888509114583
1 0
0.16274007161458 0.0013224283854167 0 0 0.031514485677083 0.01641845703125 0 0 0 0 0 0 0 0 0 0 0.082722981770833 0.0033162434895833 0 0 0.06756591796875 0.1165771484375 0.00052897135416667 0 0 0.00238037109375 0.0010986328125 0 0 0 0 0 0.00030517578125 0 0 0 0.01568603515625 0.13535563151042 0.00065104166666667 0 0 0.077067057291667 0.11236572265625 6.103515625E-5 0 0 0.000244140625 0 0 0 0 0 0 0 0 0 0 0.0012003580729167 0.04437255859375 0.00016276041666667 0 0 0.05047607421875 0.07586669921875
1 0
0.11875406901042 0.00067138671875 0 0 0.021993001302083 0.0033772786458333 0 0 0 0 0 0 0 0 0 0 0.025146484375 0.00016276041666667 0 0 0.078694661458333 0.099629720052083 0.00028483072916667 0 0 0.0030924479166667 0.0019124348958333 0 0 0 0 0 0 0 0 0 0.061238606770833 0.10565185546875 0 0 0.04766845703125 0.29667154947917 0.070515950520833 0 0 2.0345052083333E-5 0.00030517578125 0.00010172526041667 0 0 0 0 0 0 0 0 0.0044148763020833 0.0089518229166667 0.019022623697917 0 8.1380208333333E-5 0.00052897135416667 0.022257486979167 0.00885009765625
1 0
0.23655192057292 0 0 0 0 0 0 0 0 0 0 0 0 0 0 0 0.28151448567708 0 0 0 0.0565185546875 0.004638671875 0 0 0.0029500325520833 0 0 0 0 0 0 0 0.017252604166667 0 0 0 0.068379720052083 0.011637369791667 8.1380208333333E-5 0 0.0064290364583333 0.00531005859375 0.00034586588541667 0 0.00083414713541667 0.00030517578125 0 0 0.00140380859375 0 0 0 0.02264404296875 0.00020345052083333 0 0 0.099589029947917 0.061665852864583 0.0021565755208333 0 0.00189208984375 0.10174560546875 0.014912923177083 0.00103759765625
1 0
0.2122802734375 0.00054931640625 0 0 0.0169677734375 0.0016276041666667 0 0 0 0 0 0 0 0 0 0 0.052998860677083 0.00030517578125 0 0 0.085591634114583 0.06231689453125 0.00010172526041667 0 0 0.00225830078125 0.00050862630208333 0 0 0 0 0 0.0035807291666667 0 0 0 0.0390625 0.09674072265625 0.000244140625 0 0.00018310546875 0.18562825520833 0.05279541015625 8.1380208333333E-5 0 0 0 0 0 0 0 0 0 0 0 0 0 0.075419108072917 0.084493001302083 0.00022379557291667 0 0.000732421875 0.016316731770833 0.0089925130208333
1 0
0.31097412109375 0 0 0 0 0 0 0 0 0 0 0 0 0 0 0 0.08477783203125 0 0 0 0.075032552083333 0.00390625 0 0 0 0 0 0 0 0 0 0 0.00056966145833333 0 0 0 0.30460611979167 0.03466796875 0 0 0.026204427083333 0.030497233072917 0.0011393229166667 0 0 0 0 0 2.0345052083333E-5 0.00059000651041667 0 0 0.00103759765625 0.0056966145833333 2.0345052083333E-5 0 0.018941243489583 0.0706787109375 0.00286865234375 0 0 0.0039265950520833 0.01788330078125 0.0059611002604167
1 0
0.0016072591145833 2.0345052083333E-5 0 0 0.00028483072916667 0 0 0 0 0 0 0 0 0 0 0 0.00262451171875 0.00018310546875 0 0 0.0404052734375 0.029215494791667 0.00044759114583333 0 0.0020548502604167 0.00177001953125 0.00040690104166667 0 0 0 0 0 0 0 0 0 0.0087076822916667 0.041280110677083 0.00044759114583333 0 0.0035807291666667 0.1771240234375 0.04998779296875 0.0030314127604167 0 0.00046793619791667 0.0016886393229167 0.0032755533854167 0 0 0 0 0 0.0013834635416667 0 0 0 0.099039713541667 0.064005533854167 0.00103759765625 0 0.0021769205729167 0.07501220703125 0.38873291015625
1 0
0.37640380859375 0.0025838216145833 0 0 0.0027669270833333 0.0013427734375 0.00028483072916667 0 0 0 0.000244140625 0.00014241536458333 0 0 0 0 0.051839192708333 0.00083414713541667 0 0 0.054890950520833 0.052815755208333 8.1380208333333E-5 0 0.0023600260416667 0.0011189778645833 2.0345052083333E-5 0.00010172526041667 0 0 0 0 0.00065104166666667 0 0 0 0.0718994140625 0.0491943359375 6.103515625E-5 0 0.01177978515625 0.074686686197917 0.014444986979167 0 0 0.00032552083333333 2.0345052083333E-5 0 0 0 0 0 0.00048828125 0 0 0 0.02587890625 0.11086018880208 0.0233154296875 0 0.0059407552083333 0.004638671875 0.0377197265625 0.020263671875
1 0
0.31901041666667 0 0 0 0.00093587239583333 0.00038655598958333 0 0 0 0 0 0 0 0 0 0 0.039469401041667 0 0 0 0.21982828776042 0.11492919921875 2.0345052083333E-5 0 0 0.0037841796875 0.0037027994791667 0 0 0 0 0 0 0 0 0 0.01300048828125 0.081685384114583 0 0 0 0.075459798177083 0.122802734375 0.0001220703125 0 0 0.00020345052083333 0.00077311197916667 0 0 0 0 0 0 0 0 0 0 0.0025634765625 0 0 0 0.00018310546875 0.0011393229166667
1 0
0.37013753255208 4.0690104166667E-5 0 0 0.00347900390625 0.0003662109375 0 0 0 0 0 0 0 0 0 0 0.1470947265625 0 0 0 0.072123209635417 0.029337565104167 0.00016276041666667 0 6.103515625E-5 0.00640869140625 0.00010172526041667 0 0 0 0 0 0.01751708984375 0 0 0 0.11759440104167 0.03216552734375 0 0 0.0058390299479167 0.0858154296875 0.025146484375 8.1380208333333E-5 0 2.0345052083333E-5 0.0031534830729167 0.0021158854166667 0 0 0 0 0.0008544921875 0.00020345052083333 0 0 0.0071614583333333 0.0152587890625 0.019816080729167 0 0 0.0030721028645833 0.019266764322917 0.015604654947917
1 0
0.055562337239583 0 0 0 0.0024210611979167 0 0 0 0 0 0 0 0 0 0 0 0.13358561197917 0.00020345052083333 0 0 0.062357584635417 0.018778483072917 2.0345052083333E-5 0 0.0010172526041667 0.0017903645833333 0 0 0 0 0 0 0 0 0 0 0.12174479166667 0.092936197916667 0.00077311197916667 0 0.012349446614583 0.16084798177083 0.27571614583333 0.0056966145833333 0 0 0.00034586588541667 0.00022379557291667 0 0 0 0 0 0 0 0 0.0077718098958333 0.0091145833333333 0.024027506510417 0.0049845377604167 0 2.0345052083333E-5 0.0020751953125 0.0056355794270833
1 0
0.18430582682292 0 0 0 0.0075480143229167 0.0001220703125 0 0 0 0 0 0 0 0 0 0 0.034016927083333 0 0 0 0.49843343098958 0.11981201171875 0 0 0 0.00201416015625 2.0345052083333E-5 0 0 0 0 0 0 0 0 0 0.0038859049479167 0.036966959635417 0 0 0 0.082234700520833 0.0191650390625 8.1380208333333E-5 0 0 6.103515625E-5 8.1380208333333E-5 0 0 0 0 0 0 0 0 0 0 0.00048828125 0.0001220703125 0 0 0.00079345703125 0.0098470052083333
1 0
0.08245849609375 0.0091349283854167 0 0 0.0055745442708333 0.0039876302083333 0 0 0 0 0 0 0 0 0 0 0.023701985677083 0.00335693359375 0 0 0.082987467447917 0.1278076171875 0.0067545572916667 0 4.0690104166667E-5 0.0086263020833333 0.01873779296875 2.0345052083333E-5 0 0 0 0 0.0022989908854167 0 0 0 0.041971842447917 0.12225341796875 0.00071207682291667 0 0.00408935546875 0.056966145833333 0.1748046875 0.047953287760417 0 8.1380208333333E-5 0.0016886393229167 0.09356689453125 0 0 0 0 0 0 0 0 2.0345052083333E-5 0.00063069661458333 0.017598470052083 0.0013224283854167 0 2.0345052083333E-5 0.0089518229166667 0.0518798828125
1 0
0.064229329427083 0.00034586588541667 0 0 0.00020345052083333 0.0015665690104167 0 0 0 0 0 0 0 0 0 0 0.030354817708333 2.0345052083333E-5 0 0 0.06048583984375 0.051595052083333 0.0013834635416667 0 2.0345052083333E-5 0.00014241536458333 0.00069173177083333 0 0 0 0 0 0.00860595703125 0 0 0 0.2510986328125 0.04400634765625 0.010701497395833 0 0.000244140625 0.034505208333333 0.38474527994792 0.048502604166667 0 0 0 0.0037434895833333 0 0 0 0 0 0 0 0 0 0 0.000244140625 6.103515625E-5 0 0 0 0.00250244140625
1 0
0.036458333333333 0 0 0 0.030131022135417 0 0 0 0 0 0 0 0 0 0 0 0.02569580078125 0 0 0 0.10548909505208 0.00970458984375 0 0 0.0038248697916667 0.001953125 0 0 0 0 0 0 0.0001220703125 2.0345052083333E-5 0 0 0.15478515625 0.031697591145833 0 0 0.084615071614583 0.121826171875 0.0404052734375 0 0 4.0690104166667E-5 0.0003662109375 0 0 0 0 0 0.00213623046875 0 0 0 0.0096435546875 0.042765299479167 0.045633951822917 0 0 8.1380208333333E-5 0.045267740885417 0.20733642578125
1 0
0.32613118489583 0.0025227864583333 8.1380208333333E-5 0 0.058634440104167 0.0048014322916667 0.00103759765625 0 0.00020345052083333 0.00056966145833333 0 0 0 0 0 0 0.05621337890625 0.00099690755208333 0 0 0.088419596354167 0.029256184895833 0.00286865234375 0.0003662109375 0.027608235677083 0.035909016927083 0.015625 0.0025838216145833 4.0690104166667E-5 0.000244140625 0.00020345052083333 0.016764322916667 4.0690104166667E-5 0 0 0 0.00830078125 0.0167236328125 0.0001220703125 0 0.00244140625 0.042643229166667 0.029439290364583 0.0055948893229167 6.103515625E-5 0.0023193359375 0.00897216796875 0.046793619791667 0 0 0 0 0 0 0 0 0.00054931640625 0.0044759114583333 0.0050048828125 0.0010986328125 0.0010579427083333 0.0025634765625 0.032877604166667 0.11783854166667
1 0
0.094523111979167 0.0051676432291667 0 0 0.00016276041666667 0.0049845377604167 0.00201416015625 0 0 0 0 0 0 0 0 0 0.14046223958333 0.00081380208333333 0 0 0.068745930989583 0.030965169270833 0.00897216796875 0 2.0345052083333E-5 0.00044759114583333 0.0058186848958333 0.0015665690104167 0 0 0 0 0.12701416015625 0.00065104166666667 0 0 0.10963948567708 0.096089680989583 0.00026448567708333 0 0.00177001953125 0.14534505208333 0.11098225911458 0.0016886393229167 0 0 0.00095621744791667 0.0015665690104167 0 0 0 0 0.00022379557291667 0.0011393229166667 0 0 0.00030517578125 0.0065714518229167 0.016337076822917 2.0345052083333E-5 0 0.0001220703125 0.0068562825520833 0.0077921549479167
1 0
0.075236002604167 0.0014444986979167 0 0 0.028666178385417 0.00044759114583333 0 0 0 0 0 0 0 0 0 0 0.027730305989583 0.0016072591145833 0 0 0.038838704427083 0.02911376953125 0.0006103515625 0 0.014790852864583 0.012939453125 0.0001220703125 0 0 0 0 0 0.017191569010417 2.0345052083333E-5 0 0 0.023030598958333 0.0357666015625 0.0006103515625 0 0.0051676432291667 0.15336100260417 0.065633138020833 0.00050862630208333 0 0.00022379557291667 0.0013834635416667 0.0003662109375 0.00250244140625 0 0 0 0.01806640625 0.016092936197917 0 0 0.0001220703125 0.083780924479167 0.082499186197917 0.00063069661458333 0 0.00046793619791667 0.10215250651042 0.15887451171875
1 0
0.12217203776042 0 0 0 0 0 0 0 0 0 0 0 0 0 0 0 0.07763671875 0.00030517578125 0 0 0.1383056640625 0.125 0 0 0 0.00016276041666667 0 0 0 0 0 0 0 0 0 0 0.0014241536458333 0.19512939453125 4.0690104166667E-5 0 0 0.19272867838542 0.082539876302083 0 0 0 0 0 0 0 0 0 0 0 0 0 0 0.0011189778645833 0.059224446614583 0 0 0 0.0040486653645833 0.00016276041666667
1 0
0.057332356770833 0.00069173177083333 0 0 0.0073445638020833 4.0690104166667E-5 0 0 0 0 0 0 0 0 0 0 0.013468424479167 0.0033365885416667 0 0 0.06524658203125 0.21368408203125 2.0345052083333E-5 0 0.00054931640625 0.043192545572917 0 0 0 0 0 0 0 0 0 0 0.0021769205729167 0.11580403645833 0.00046793619791667 0 8.1380208333333E-5 0.16245524088542 0.13344319661458 2.0345052083333E-5 0 0.0027262369791667 0.0044962565104167 0 0 0 0 0 0 0 0 0 0 0.01824951171875 0.01806640625 2.0345052083333E-5 0 0.0016072591145833 0.049235026041667 0.08624267578125
1 0
0.028055826822917 0 0 0 0.00347900390625 0 0 0 0 0 0 0 0 0 0 0 0.083821614583333 0.00010172526041667 0 0 0.11232503255208 0.031819661458333 0 0 0.0038859049479167 0.00028483072916667 0 0 0 0 0 0 0.022318522135417 4.0690104166667E-5 0 0 0.10658772786458 0.14680989583333 2.0345052083333E-5 0 0.0077718098958333 0.2452392578125 0.055887858072917 0.00010172526041667 0 2.0345052083333E-5 0 2.0345052083333E-5 0 0 0 0 0.0040486653645833 0.0083414713541667 0 0 0 0.030436197916667 0.068806966145833 0.00010172526041667 0 0.00034586588541667 0.03302001953125 0.0063069661458333
1 0
0.29207356770833 0.00065104166666667 0 0 0 0 0 0 0 0 0 0 0 0 0 0 0.22751871744792 0.0044759114583333 0 0 0.011474609375 0.0098470052083333 0.00052897135416667 0 0.001220703125 0.00010172526041667 0 0 0 0 0 0 0.055887858072917 0.00010172526041667 0 0 0.1141357421875 0.066853841145833 0.0008544921875 0 0.00811767578125 0.053507486979167 0.013671875 0.00050862630208333 0 0.00010172526041667 0.00010172526041667 0.00010172526041667 0.00034586588541667 0 0 0 4.0690104166667E-5 0.0019734700520833 0 0 0.0001220703125 0.029378255208333 0.01995849609375 0.00026448567708333 0 0.00347900390625 0.062825520833333 0.019775390625
1 0
0.18096923828125 0.013326009114583 0 0 0 0.0034993489583333 0 0 0 0 0 0 0 0 0 0 0.00994873046875 0.0013631184895833 0 0 0.0037027994791667 0.021708170572917 0.00177001953125 0 0.00020345052083333 4.0690104166667E-5 0.00026448567708333 0 0 0 0 0 0.00164794921875 0 0 0 0.01129150390625 0.19340006510417 0.00071207682291667 0 0.00030517578125 0.22090657552083 0.2921142578125 0.028605143229167 0 0 0 0.0018310546875 0 0 0 0 0 0 0 0 0 2.0345052083333E-5 0.0035807291666667 0.00089518229166667 0 0 0.00020345052083333 0.0076904296875
1 0
0.10701497395833 0.0037027994791667 0 0 0.0033976236979167 0.0099894205729167 0.008056640625 0 0 0 0.00014241536458333 0 0 0 0 0 0.1416015625 0 0 0 0.23036702473958 0.046732584635417 0.00396728515625 0 0.0051066080729167 0.0150146484375 0.0328369140625 0.0042928059895833 0 0 0 0 0 0 0 0 0.04742431640625 0.022318522135417 0 0 0.014933268229167 0.12263997395833 0.068806966145833 0.0081990559895833 0 0.00028483072916667 0.011698404947917 0.048136393229167 0 0 0 0 0 0 0 0 0 0.00299072265625 0.00087483723958333 0 0 0.0022786458333333 0.015482584635417 0.021708170572917
1 0
0.31532796223958 0.00034586588541667 0 0 0.0027669270833333 0.0010579427083333 0 0 0 0 0 0 0 0 0 0 0.059346516927083 0 0 0 0.26536051432292 0.0982666015625 6.103515625E-5 0 4.0690104166667E-5 8.1380208333333E-5 0.00010172526041667 0 0 0 0 0 0 0 0 0 0.092875162760417 0.077880859375 0 0 0.0058390299479167 0.06890869140625 0.0055135091145833 2.0345052083333E-5 0 0 0 0 0 0 0 0 0 0 0 0 4.0690104166667E-5 0.0037027994791667 0.0019734700520833 0 0 0 0.0001220703125 0.0003662109375
1 0
0.4505615234375 0.0024007161458333 2.0345052083333E-5 0 0.00034586588541667 0.00026448567708333 0.00026448567708333 6.103515625E-5 0 0 0 0 0 0 0 0 0.02801513671875 0.00042724609375 0 0 0.03778076171875 0.03704833984375 0.00067138671875 4.0690104166667E-5 0 2.0345052083333E-5 8.1380208333333E-5 4.0690104166667E-5 0 0 0 0 0.0016276041666667 0 0 0 0.17032877604167 0.0048421223958333 0.00030517578125 0 0.01513671875 0.011962890625 0.0086669921875 6.103515625E-5 0 0 0 2.0345052083333E-5 0 0 0 0 0.01068115234375 2.0345052083333E-5 0 0 0.055460611979167 0.089029947916667 0.0052083333333333 2.0345052083333E-5 0 0.015096028645833 0.042012532552083 0.011474609375
1 0
0.052144368489583 0 0 0 0.0055135091145833 0 0 0 0 0 0 0 0 0 0 0 0.025227864583333 0 0 0 0.088236490885417 0.0006103515625 0 0 0.00099690755208333 0.00014241536458333 0 0 0 0 0 0 0.0013020833333333 0 0 0 0.29949951171875 0.0066121419270833 0 0 0.018269856770833 0.015970865885417 0.00022379557291667 0 0 0 0 0 0 0 0 0 0.039103190104167 8.1380208333333E-5 0 0 0.12601725260417 0.14796956380208 0.10636393229167 0 0.00010172526041667 0.0027872721354167 0.039082845052083 0.02374267578125
1 0
0.14725748697917 0.00030517578125 0 0 0.01202392578125 6.103515625E-5 0 0 0 0 0 0 0 0 0 0 0.14923095703125 0.00032552083333333 0 0 0.06756591796875 0.00909423828125 0.00054931640625 0 0 2.0345052083333E-5 6.103515625E-5 2.0345052083333E-5 0 0 0 0 0.0044148763020833 0 0 0 0.21097819010417 0.035196940104167 0.00016276041666667 0 2.0345052083333E-5 0.0224609375 0.03192138671875 0.0020548502604167 0 0 0 0.00022379557291667 0 0 0 0 0.00081380208333333 0.0013631184895833 0 0 0.00044759114583333 0.02679443359375 0.078837076822917 0.0014444986979167 0 0 0.06695556640625 0.12939453125
1 0
0.12744140625 0 0 0 0.0019124348958333 0 0 0 0 0 0 0 0 0 0 0 0.056050618489583 0 0 0 0.067728678385417 0.0011189778645833 0 0 0.0030110677083333 0 0 0 0 0 0 0 0.0031534830729167 0 0 0 0.12070719401042 0.05950927734375 0 0 0.0150146484375 0.0130615234375 0.00050862630208333 0 0 0 0 0 0.00026448567708333 0 0 0 0.093180338541667 0.0065714518229167 0 0 0.14152018229167 0.19333902994792 0.062235514322917 0 0 0 0.016560872395833 0.017110188802083
1 0
0.20322672526042 0.012003580729167 0 0 8.1380208333333E-5 0.002685546875 0.00022379557291667 0 0 0 0 0 0 0 0 0 0.13020833333333 0.016581217447917 0 0 0.063496907552083 0.10605875651042 0.010274251302083 0 0.0025634765625 0.0041300455729167 0.0091349283854167 0 0 0 0 0 0.023824055989583 0.00164794921875 0 0 0.0760498046875 0.10880533854167 0.00087483723958333 0 0.004150390625 0.12577311197917 0.087748209635417 0.0025431315104167 0 0 0.000244140625 0.0010172526041667 8.1380208333333E-5 2.0345052083333E-5 0 0 2.0345052083333E-5 4.0690104166667E-5 2.0345052083333E-5 0 0 2.0345052083333E-5 0.00081380208333333 0.00022379557291667 0 0 0.00028483072916667 0.005126953125
1 0
0.32564290364583 0.0046793619791667 0 0 0.0030924479166667 0.006591796875 0.00022379557291667 0 0 0 0 0 0 0 0 0 0.036031087239583 0.00018310546875 0 0 0.15533447265625 0.02618408203125 0.0029500325520833 6.103515625E-5 0 0.00016276041666667 0.001708984375 0.00020345052083333 0 0 0 0 0 0 0 0 0.13893636067708 0.0943603515625 0.000244140625 0 0.020650227864583 0.083109537760417 0.0223388671875 0.0011393229166667 0 0 0 4.0690104166667E-5 0 0 0 0 0.0021565755208333 0 0 0 0.026204427083333 0.010111490885417 0.021586100260417 0.00030517578125 0 4.0690104166667E-5 0.013142903645833 0.0025838216145833
1 0
0.24784342447917 0.0010579427083333 6.103515625E-5 2.0345052083333E-5 0.0014444986979167 0.00030517578125 0 0 0 0 0 0 0 0 0 0 0.0831298828125 0.00059000651041667 0 0 0.043986002604167 0.032958984375 0.00071207682291667 0 0.0040283203125 0.00065104166666667 0.00030517578125 0 0 0 0 0 0.0098063151041667 0.00020345052083333 0 0 0.0467529296875 0.0352783203125 0.00034586588541667 0 0.06939697265625 0.12528483072917 0.024251302083333 0.00046793619791667 0 2.0345052083333E-5 0.00016276041666667 0.00016276041666667 0 0 0 0 0.00032552083333333 0 0 0 0.0094401041666667 0.1234130859375 0.033284505208333 0.00034586588541667 0.00018310546875 0.00347900390625 0.032816569010417 0.067484537760417
1 0
0.21464029947917 0.0019327799479167 0 0 2.0345052083333E-5 0.0009765625 0 0 0 0 0 0 0 0 0 0 0.13576253255208 0.0010172526041667 0 0 0.10550944010417 0.10135904947917 0.022562662760417 0 0.0013427734375 0.021240234375 0.03143310546875 0 0 0 0 0 0.0011189778645833 0 0 0 0.039449055989583 0.013326009114583 0.0012613932291667 0 0.0073445638020833 0.059183756510417 0.114013671875 0.08013916015625 0 0 0.0008544921875 0.040445963541667 0 0 0 0 0 0 0 0 0 8.1380208333333E-5 4.0690104166667E-5 0.00020345052083333 0 0 0.00054931640625 0.0041910807291667
1 0
0.10044352213542 0.01055908203125 2.0345052083333E-5 0 0.00018310546875 0.0062255859375 0.0088704427083333 0 0 0 0 0 0 0 0 0 0.14359537760417 0.00201416015625 0 0 0.093302408854167 0.034281412760417 0.0086669921875 0.00026448567708333 0.00010172526041667 0.0034993489583333 0.0078938802083333 0.0049235026041667 0 0 0 0 0.11574300130208 0.0027669270833333 0 0 0.10319010416667 0.13319905598958 0.00071207682291667 0 0.00103759765625 0.14131673177083 0.057881673177083 0.0049235026041667 0 0 0.0014851888020833 0.0052083333333333 0 0 0 0 0 0.0010782877604167 0 0 0 0.0010579427083333 0.0010986328125 8.1380208333333E-5 0 0 0.00048828125 0.0038859049479167
1 0
0.19966634114583 0 0 0 0.07373046875 0.0001220703125 0 0 0.00040690104166667 0 0 0 0 0 0 0 0.042460123697917 0 0 0 0.2196044921875 0.0350341796875 6.103515625E-5 0 0.0030517578125 0.00201416015625 0.00077311197916667 0 0 0 0 0 0.0011800130208333 2.0345052083333E-5 0 0 0.065348307291667 0.04632568359375 0 0 0.00921630859375 0.075703938802083 0.01409912109375 0.00059000651041667 0 8.1380208333333E-5 0.00050862630208333 0.00014241536458333 0 0 0 0 0.002685546875 0.0008544921875 0 0 0.010457356770833 0.03338623046875 0.010518391927083 6.103515625E-5 0.0011189778645833 0.022725423177083 0.05328369140625 0.07476806640625
1 0
